1347593560,340273472 0
1501155589,1356274776 0
1054581050,2684665613 0
1568626909,1894741645 0
161426629,1800892002 0
3611498666,3949824337 0
1820512490,3555116278 0
117995624,524504722 0
3899769296,1698857275 0
2214040378,4153967261 0
2565988850,2064461098 0
1031722948,1483137713 0
1923011033,1086796474 0
295541130,3932923649 0
1095003129,3962710727 0
3689566060,3040365393 0
3520469144,895920710 0
2386324731,902096017 0
1231163384,1677499746 0
1973865335,3719396149 0
1618276151,2122899645 0
1451088972,2208245081 0
3942813424,3283767450 0
228903553,3107282818 0
1084707765,3436635730 0
1563195089,2272887631 0
1144954647,3794913324 0
514090627,4081108808 0
3120427719,1567887071 0
3119493737,3779699914 0
2677630002,781569846 0
1017355367,1879094210 0
1696942440,433973793 0
599882160,227938673 0
1913000350,164871455 0
2702103971,3140561461 0
2847527304,3826539567 0
1362911765,544009526 0
2467010332,3643606286 0
3014138018,2431322593 0
3232055707,3968657425 0
914425309,1961086537 0
226898866,3279055442 0
2044913027,3906342757 0
102745514,3886973266 0
406511336,2740748387 0
1243172469,1204553239 0
4287434439,975531 0
2584061741,1046165431 0
510917715,1812096815 0
521675278,3414646780 0
3543306692,2093707007 0
4081730035,665186467 0
1190712661,1006058448 0
1791117889,2199754493 0
436157930,1276090838 0
2889851278,1602118231 0
2166279026,157988026 0
849772576,3194080778 0
4169186191,3904049920 0
3350871840,1924196445 0
1065091339,734999670 0
2431174579,3447040220 0
3980806355,3598537046 0
3914618284,2645835730 0
3783556004,3385489128 0
230144865,797032166 0
1439962339,2935634929 0
1822751549,3460867563 0
4079437584,2599422847 0
3277585935,2663180521 0
1095175098,3063895695 0
3703019429,4076853070 0
1062872676,3773907262 0
1994786194,1298889399 0
2543882430,2524829205 0
299924404,411154827 0
166940107,1183627960 0
1184785925,2831929502 0
1141562093,3380548208 0
1003645637,3600678665 0
723792022,366228358 0
2358779251,762781573 0
3103733376,670222842 0
1075352344,2714207245 0
2891889192,2662693609 0
3401411108,1915028459 0
1171921177,716083518 0
1008038929,307277741 0
4098914742,303326291 0
1812965578,1013285418 0
1904897543,2361981627 0
3378810613,1288909746 0
1165735841,3463221605 0
1134387543,1121793001 0
1059394823,1316100195 0
2280143221,2805959915 0
4168845350,3198133625 0
999544905,3257596293 0
1629411061,2228175777 0
3099542478,669326003 0
430450871,2794518679 0
3911588633,3340471803 0
175949211,1743158148 0
2647029360,4016325980 0
2278140966,447825446 0
3342923868,4081122078 0
3002042127,1644106410 0
139508092,1980315248 0
586244842,2925598161 0
4068405853,2840877999 0
2085669693,3670207256 1
1625000296,2352006363 1
972964313,3738944463 1
1604919580,1574180978 1
1001828885,1344894834 1
1698518893,1161240231 1
2094730311,1153475771 1
2727233318,3760471905 1
1497503114,3972673141 1
1377928595,269045813 1
2604006660,272866169 1
112806927,3323340015 1
1188531013,113163790 1
705493206,4137742327 1
2172779351,3804295227 1
1775232379,511420454 1
1875446089,1105064339 1
2384617473,4196234234 1
2055014103,2937625911 1
1324046542,3997496509 1
921004276,915767219 1
2338657364,291429325 1
2805489430,1048487720 1
1077282997,1193035176 1
922060156,1977951728 1
1942944396,1601918638 1
1524097539,572020739 1
3906900676,4244241786 1
168594798,118126132 1
1047095444,3620858429 1
3870485505,2797342552 1
103369606,739504266 1
2340455959,2389491869 1
107702314,1845406817 1
2005601940,3998674585 1
1786207338,2685602884 1
2642896533,444894858 1
521895565,3309790630 1
1302926939,3520528853 1
1055430523,2949104808 1
1058552966,3830643449 1
1760525926,42338104 1
451867796,2269919711 1
1864981285,316754347 1
2703807166,2258263227 1
339022897,2205667338 1
113095439,1049090493 1
614627268,2788865386 1
105649194,3273487109 1
2406969611,1696506408 1
2268214534,1831507066 1
1011555140,2279576067 1
3326810556,2654242220 1
418161794,1836868623 1
2740920363,4250827023 1
520482981,1239093691 1
1232663469,3236473685 1
1940183558,2247418538 1
2337347056,214402288 1
2651615449,2953120804 1
363214990,2702269368 1
1203061449,2100800518 1
1131265120,3854178965 1
704010841,3396613808 1
1172375227,1442042759 1
1835730412,13755822 1
2728793759,1213133810 1
2118539084,1569914199 1
4033910376,673341727 1
1578608481,1641572208 1
1989103953,471334511 1
2728390009,376016434 1
1009576057,120777770 1
1938395672,3867309292 1
1431011525,764452876 1
10342442,2128959158 1
590264233,4156721323 1
2249678272,3583571308 1
1586953888,385443411 1
1057159060,2314921060 1
3453173312,3802704295 1
1430522814,3189931074 1
1132511654,746811783 1
84176642,29565543 1
2805278914,4000964561 1
724246941,270854052 1
396843728,3518649896 1
1443990124,3965524191 1
726134175,2047421073 1
2495042890,2099998938 1
2460751252,1985088486 1
2535281059,1520877535 1
2165212233,4288567995 1
1258583596,1376879037 1
921867674,291545289 1
3110427820,178721040 1
2974882012,4291822393 1
409177981,3656368759 1
2500446451,1243239062 1
3514959937,3119885120 1
170790948,3235400973 1
208238229,2402275202 1
1312552001,2384482711 1
193831512,3444728609 1
1074863256,4146736911 1
1218967023,1861189289 1
1262132591,2208378418 1
1528433268,3367760562 1
1230825419,1618791145 1
1044926058,4170922520 1
1412645222,3617796341 1
461927984,2063591449 1
1870102862,1635627606 1
1076239505,2268297659 1
1568451523,770050942 1
1477364825,3282331267 1
2748478608,3553248659 1
1515505550,2374202315 1
2537478158,2679888064 1
3306181948,930437893 1
11374166,1315472660 1
2777759036,988803412 1
1374494829,926662357 1
2446239163,1616730200 1
1033529426,1016404717 1
585924421,3599050462 1
1320243298,4225884631 1
4183553955,4160074446 1
1133796395,2408854608 1
2339510602,1697384747 1
2274087874,3804984651 1
14777733,1969466108 1
1828960961,3461270101 1
2796145065,1551184558 1
2417157854,3855135626 1
589329177,2402757372 1
1225666251,1007690386 1
1055665163,3024037142 1
2513269131,1412110383 1
375946040,3097315132 1
1012362031,1122502681 1
1543212067,3049233365 1
143706516,1770467785 1
2189306977,2527475935 1
2715809500,2192746475 1
1931284848,2487227089 1
2652375551,729167730 1
1260649385,393585809 1
3397141372,2608786990 1
2535439852,2011483151 1
2527172315,1300357166 2
802623772,1830407929 2
1002660723,606858848 2
2258964741,4241857772 2
1827373959,3283057967 2
2979351147,657165336 2
3246385162,1291522562 2
3216595386,2963335067 2
214676612,756265178 2
281013481,1359057286 2
1088881642,1894792628 2
2097547216,767426435 2
254035246,2487412572 2
905314651,4153858392 2
2769555368,4223917650 2
2897041755,1982769882 2
2299356814,91199054 2
451440327,2763862869 2
1290589876,3192172026 2
3400396418,904238162 2
1989345769,1478541470 2
1830918066,3407901440 2
3266971080,3568684852 2
3717912103,2829903157 2
2242259330,3134764135 2
1397518663,3233662738 2
1031597651,25813040 2
693035703,1499671634 2
1049984316,1146681082 2
1397403540,4071993573 2
3568858848,3967455294 2
1773661578,2221423120 2
634527586,3628315407 2
2593373000,3362826350 2
2424797297,2389988408 2
3454425905,2014684066 2
4083285010,1584943097 2
2080833164,3772205388 2
1968050125,404008097 2
3448646142,4085828933 2
658125819,469832624 2
1141633868,3970513205 2
2837011676,194862375 2
3048628367,1955201610 2
504855292,309027229 2
1417375099,2470716676 2
2669443792,3822742791 2
967923174,2774031388 2
1065941457,2033163243 2
731167498,897230140 2
1746073909,3529630230 2
231977444,2342596392 2
3421468168,270159433 2
2874319535,1238999819 2
884118367,3509822529 2
1318009561,4047610898 2
3324419875,445857256 2
2000841726,3647684661 2
4106140402,2791510394 2
2719840304,1216646384 2
1242154854,211400196 2
1756067009,1948384578 2
101643925,1433921320 2
2802013037,3509308286 2
929903619,4061768691 2
1289848611,2258821783 2
544050059,226887722 2
3265291618,1590662759 2
3672749857,800271660 2
3947363008,3501464201 2
4205398635,377329390 2
501402973,1581630587 2
1631605215,4158393785 2
748240955,2171403773 2
4225574416,2245662768 2
1209273811,4220581231 2
1649946791,3318720482 2
3256575117,3886408006 2
3207014796,2492478092 2
619945423,1854278430 2
3020346854,1177683433 2
2126229891,710791965 2
2497998746,820438829 2
2107428229,3724126749 2
2721014254,3596868358 2
2124856909,2434226879 2
3713822870,3745353408 2
1498534943,3502632895 2
1271077370,1962561718 2
2771717197,1506511797 2
3307896014,3164192208 2
3780832622,1863349193 2
702661550,1436634165 2
3957035124,718903590 2
2687141021,3526229393 2
2625101396,294563860 2
50186677,1132581412 2
288121566,302656830 2
2681233168,2300805269 2
1431234373,3850028108 2
71778098,2710114796 2
2331280171,2256584177 2
2767851643,1222750217 2
3173743270,741339656 2
1347507550,510111743 2
155804095,2717731086 2
3812171617,3586644945 2
1655258949,1784520274 2
2783882163,3912205191 2
765188244,1370621802 2
1011890883,274150201 2
2888702465,2020867172 2
3104979107,2416946278 2
422771444,3029068645 2
3025188477,3871654197 2
907848808,3221482315 2
4263730791,266243793 2
3323385547,4242002879 2
2251083252,3255515001 2
2747545101,3849496308 2
3715674442,2040122364 2
3879990847,1858971544 2
1890075759,800359886 2
1299602918,2246401867 2
1614033795,1899604050 2
3114572687,3250400935 2
2708154788,852480645 2
2645826502,77931652 2
318332701,2973388574 2
560152199,874279223 2
3525655905,4019953343 2
354973921,3331477995 2
640012425,441256460 2
1082945825,1166667733 2
2312303582,3074173967 2
1569316681,4265538896 2
927033983,3091650050 2
1298299710,487021787 2
2608186477,1645117525 2
3892669496,4270092531 2
1915122331,1429277823 2
1678799524,2440326071 3
3180558814,182521170 3
3477683979,2969579133 3
3717160634,1099471419 3
2465375475,4255607601 3
25489872,884136249 3
368980823,4279929801 3
186029588,2442037527 3
1043430599,605195368 3
2694330,311154068 3
1451403300,2729721229 3
4000323761,3786762143 3
1850332343,3465104713 3
1269247605,2771973704 3
4012747428,2960167230 3
3573268072,327847403 3
1241746465,1806403276 3
2142578583,346127102 3
1688960650,3910126615 3
2013194287,807672508 3
2077877156,2715569849 3
2273471051,4185188490 3
901971080,1493409480 3
1328989615,2020929435 3
1997255482,964046423 3
89092648,676633317 3
443970730,3387648003 3
386671928,1225128887 3
3526943338,351657895 3
1094059866,349393664 3
2825541051,3073875732 3
2379822597,1011222134 3
319012078,1127027474 3
1783540743,397152931 3
3490872224,2950142566 3
1617240030,2409557570 3
2082553638,4028840126 3
2994445522,424492605 3
2784156850,3310002822 3
3087126918,3014098653 3
2339207056,4271505564 3
205362644,3092590615 3
3029778341,3434210553 3
4291045269,1995113269 3
1079925102,1849864812 3
2716757581,2942093151 3
3782209449,2157306256 3
2710814812,1318004059 3
1896802482,3815391407 3
2965504661,508147972 3
2288982938,2341513911 3
2837426456,751515950 3
3908637118,1724457179 3
588149748,3750019188 3
3641309131,462485882 3
1557301386,158340671 3
4186886280,474939874 3
1679960470,212507000 3
939884824,3489676976 3
4036546385,1117123236 3
1198696150,1974831517 3
2847572078,3817252428 3
2048659678,1248062314 3
276635554,3778273706 3
2082457452,1211023493 3
1252462451,47331044 3
3295683008,670888490 3
1794689305,3421214838 3
3196392670,1717265080 3
834770206,29177238 3
3829734181,957924244 3
139955028,2779218293 3
3645303580,1420567158 3
82066009,598450411 3
1612436528,2407466656 3
505968446,2944544832 3
411068427,2910190167 3
673732135,3185767382 3
1257410489,3949827088 3
1055759209,3832189357 3
1374386191,1169157308 3
1939102266,3533744485 3
1936374350,3303097792 3
1466429017,2995333601 3
1399796176,2403090761 3
1733011899,286523024 3
1074682383,1944705276 3
1901707711,3025540475 3
3605877820,3675332933 3
3503501352,3040072028 3
1655688373,2159613849 3
2346981739,3906829868 3
324475105,836952757 3
2740352064,2932659852 3
2317635216,824603558 3
3792543616,2080283888 3
1423089921,2450685125 3
1219362706,1405289094 3
2487366214,2741374238 3
1733074415,533709797 3
2406186285,175664667 3
3187101682,3980314510 3
1368538998,434068002 3
4091360447,915262825 3
3154099459,1451405160 3
2440037083,3209414448 3
112737695,1040659082 3
2783399775,1213185803 3
203434199,884866933 3
3228877277,2613959207 3
3793447337,1017030404 3
2333216243,2184728190 3
4126453271,3652523561 3
2037616827,1575413215 3
1253730654,642573073 3
944780020,1623901379 3
1884425186,4016338112 3
3271166837,1746467046 3
2668163122,935657121 3
3875426654,1968460469 3
1160176670,2058106347 3
2850903792,1911928163 3
4064911194,2307134171 3
795825477,2210537006 3
3664875740,3682266768 3
3181914901,601316867 3
537829377,3673632579 3
461766002,195581737 3
2482819038,3795838052 3
3940033771,1225304558 3
2643883980,1543497568 3
2629478222,2452806391 3
207092859,834066859 3
2438692757,1972968867 3
1679132158,1836940424 3
3049759565,2753608646 3
2498396055,3252831720 3
2977947900,2750992750 3
2878216725,1034260280 4
1642340806,4074198620 4
2587466107,3850775221 4
687750299,2058136635 4
1738602964,853303776 4
2422861364,2524134876 4
3611709780,194196927 4
68168197,2926119469 4
3373166436,1153354499 4
3553360335,1761905742 4
3414695946,1625961697 4
2661830203,4188759363 4
796997821,1232031223 4
3647847086,1999102908 4
3559770594,2473224770 4
2465377529,2439395960 4
4211313200,3846410363 4
3961545771,2313941005 4
1288466187,3225928481 4
2244003835,2529728408 4
1566852368,4069410165 4
1424546569,4094463201 4
527025238,1350603841 4
141131631,1758153496 4
69628287,838248430 4
159561237,372058332 4
2633147771,408221597 4
2192440868,2551230892 4
1875618256,3218677926 4
1876128233,3200495784 4
2594997008,2726605620 4
3839653001,3379053308 4
1812539211,3207903952 4
3004292546,3250203346 4
607179088,4237769106 4
110322923,3986487942 4
2678953796,2211534917 4
3591497598,1121057431 4
275460767,2448047223 4
624042833,434865908 4
1163980381,2643157480 4
3435897073,278322570 4
2641656734,2872469927 4
4111725847,3416963048 4
2888218385,1989624917 4
61087234,1613386316 4
3812635102,1316464352 4
2770085643,2487592137 4
1834000591,4214079448 4
1538524029,1800316504 4
1951516867,1541024726 4
2531612247,2739553722 4
2349328935,636040781 4
3576935114,1321862969 4
772224957,839533100 4
2434208108,1496251775 4
2261724252,56127615 4
2419126171,735153111 4
2010558236,1663292918 4
2599658121,3039989169 4
3776599247,4183360020 4
4184286427,1786900073 4
344786631,1394308582 4
1448017622,2496955517 4
2378540407,506436174 4
692517427,1177991583 4
812694134,3434871415 4
1118799904,2534120004 4
2626553435,3451538436 4
3880933604,154281828 4
228855913,2348059819 4
1668542973,26094330 4
1050943250,1165398495 4
3374955600,2081031323 4
1409425183,1007827318 4
924427620,2539701730 4
3168859178,2754370216 4
3593576124,3400066458 4
1901937608,875614044 4
4123573696,1932716484 4
544516769,3179373735 4
3351762487,3177770885 4
1513615116,1937060299 4
2399052669,2594923304 4
82219819,4117340184 4
4224582442,492375708 4
3088192121,1422267715 4
2382491702,231239677 4
1817825607,443976044 4
3878863987,1303061149 4
4125420654,3741701391 4
302486418,3959126070 4
1998241335,3485134891 4
3407751267,3664512069 4
2629796448,2270964867 4
1682532065,9101178 4
1875421459,2162799810 4
3465221017,870767302 4
2286172792,941300884 4
3199249837,1648235901 4
1437907453,1007736587 4
1096359531,1799719982 4
2256875892,2403849259 4
3736061175,1669991993 4
950642026,614975402 4
3705549259,4122889101 4
1135119289,559775152 4
986093163,1974491577 4
1909418643,3094885691 4
3987980667,2801739455 4
3757223788,3306576891 4
3799486980,541706775 4
264782652,3192170188 4
1008794017,3081693337 4
2578422243,1154614724 4
4087854814,4080978825 4
1483686118,284555349 4
2975131036,2290489480 4
2450785643,2261189562 4
436003855,2970803422 4
3123164413,3295742759 4
50323782,2702858725 4
1099716131,1973909054 4
2029212297,3363453742 4
1158950016,2615069540 4
922590934,780173498 4
1922403187,3103001974 4
3048132626,2169053499 4
1943675650,1823647125 4
399660805,1358322766 4
3834294416,2873461157 4
3930999989,3558453727 4
1579276695,790773955 4
434327431,2496065491 4
1816572804,2626888288 4
549714771,2904783998 4
3831266001,2405601430 4
2355532036,2215000779 4
1768376273,3833663611 4
3787749042,3993889620 4
2262575267,1389541712 4
875870395,2553870919 4
2036947700,957462752 4
1924824138,1230097979 4
3755738920,4103806344 4
3494449412,868722987 4
3771481123,4241109470 4
2093166602,2878610234 4
3582828567,2930389363 4
702884506,2913285057 4
3785010890,829942714 5
2075584842,1091781827 5
4140970107,3917013442 5
2539970537,2962804016 5
2998809270,2970988656 5
2953059606,3093161850 5
805969012,4192114957 5
631539856,1670451040 5
2215098757,1818697566 5
3732864324,3313576764 5
965240661,2250598959 5
205703721,2019218380 5
1308163521,234880511 5
1390328917,3651176324 5
725736611,1188391102 5
1493703040,935718642 5
3011935038,1890359224 5
2626633427,3575529945 5
1705189759,977829761 5
1063950759,2023008648 5
3426189601,466639303 5
1078940420,2381712466 5
2812476332,1554545874 5
3562400293,2334759813 5
1901171085,932264772 5
2446925261,2568933962 5
557989257,2721268759 5
2348816768,2528104953 5
1406734570,3182147018 5
2771652918,4032040162 5
1937547194,635385873 5
2892332649,3847227940 5
3242319019,1016877768 5
476681569,4078177975 5
2499891446,2695642988 5
917433862,2377341955 5
2790431274,11004572 5
548237830,1686995552 5
715567808,2367748832 5
1984553530,4125320756 5
3571175878,2139115083 5
2321077280,2671939911 5
452645148,1218648083 5
2694285802,2288019944 5
9919871,3481354870 5
2873952375,3918462679 5
865440204,2271988281 5
1055103951,1467803677 5
2068737146,951576211 5
3289437411,221929940 5
755870543,3381092937 5
252726604,2334129182 5
3021664427,3134936920 5
4067390560,2781135715 5
678046111,521301811 5
1712115006,3091583267 5
1850054313,1141371048 5
1113395245,272883884 5
1933154534,3586907581 5
1311903076,399430989 5
1567472349,803919691 5
3257469219,4233468688 5
4276609198,3916168903 5
3167790567,3232344733 5
2761647390,3065423714 5
1346867036,1505040359 5
1481544917,1757197903 5
2485057653,2470018463 5
4092124560,2812412709 5
1205200232,171671562 5
4113392639,2246569808 5
962284935,936949387 5
1356238352,3087730487 5
252774611,2587357047 5
1193019226,1766876249 5
4110283331,1546599775 5
2088442316,3067096303 5
1331296983,3320382999 5
15377445,4062830385 5
2896228819,3406387846 5
1433422358,3490758636 5
1165014041,3597922126 5
4012505462,3395647721 5
1479810226,1819952901 5
1168530031,2690079123 5
2267106623,2775284921 5
1019841112,4069955127 5
3337002186,3685766843 5
1452848167,149942439 5
1969825368,1805519108 5
3131008717,640171864 6
208557417,1394500596 6
120758273,696658970 6
1282404856,2518229930 6
304783326,1258287769 6
1686892154,794180822 6
363416312,2054274441 6
2093464089,402763194 6
1618076522,3058023316 6
1284139785,1658448580 6
1254738968,2034869352 6
3150233846,3125850117 6
350055406,2847261513 6
625424631,660844905 6
231774481,3582548786 6
1977060196,284227033 6
1555695612,1748628348 6
1147032843,2566852646 6
1461993852,329517788 6
1843978140,481628321 6
1438289061,2388686751 6
3468260377,4196299875 6
632410841,3566900923 6
2302356996,1317149259 6
2445168591,3336655160 6
2010618010,456820555 6
2478071449,1090881242 6
1771933061,3167662850 6
1595179830,1498322798 6
413475120,3762359393 6
1022168091,286298606 6
3780671304,3875826315 6
1824662721,1251854101 6
640149532,2645575300 6
2831687224,948715324 6
1682848037,981164597 6
174432773,600475029 6
2255445606,1241777066 6
537280254,3123176261 6
1425305358,2509864431 6
4155187058,742879529 6
1781100963,1318663387 6
1858450781,4114240974 6
1882907454,2192072447 6
1455773451,709036788 6
492950335,1819388119 6
131008458,2612645042 6
111023931,847472845 6
1228927483,317871580 6
119477931,3148108704 6
1712704565,1591821991 6
73595672,3644843576 6
2371647445,1788244652 6
1282580516,3154338241 6
1470640924,2530213139 6
2739082510,2412519052 6
1482509185,2764879484 6
1724189823,1004188397 6
1522116736,3309486465 6
2758355895,4102502071 6
170905029,901776153 6
1265055958,2085865251 6
398726674,2054310257 6
356522902,681879649 6
1856141817,2842098698 6
1722334164,1410119748 6
1707535060,3948632373 6
1662702981,2944201937 6
1135596370,2474662313 6
1253720595,3369234505 6
780025009,4019365146 6
1967650088,2794154927 6
1028957847,4214339676 6
3069634417,1099373856 6
3237394505,4120007769 6
2073128005,4032238987 6
275509191,1155376750 6
1744323147,2893148935 6
1024010993,2223385390 6
1229204331,387599017 6
354991924,472004284 6
1759794725,141614961 6
1061076923,967447273 6
1455118025,1556072274 6
1989050995,2967118283 6
1306608542,1115037095 6
1374127255,2011673151 6
699193714,2784259914 6
3857621799,792053013 6
2048368660,545121193 6
1809468386,1829555401 6
1209052980,728574639 6
464607841,3261627565 6
1154550362,3850624119 6
1754562349,425077046 6
19873033,2167592365 6
137405887,3842978449 6
1292473509,736395767 6
2068947515,2941069297 6
1690128813,3424154980 6
1513931635,1250090463 6
2949417629,283485891 6
1645080744,2221579191 6
3878753888,908844543 6
502876372,3994924844 6
1613490872,2652554285 6
1712319672,20317523 6
192305462,1879652722 6
2291174528,2371912680 6
1098243615,3792694784 6
272593541,278376450 6
1559656383,415575925 6
2986834286,301876009 6
1702719122,1896524863 6
1952223583,1428500713 6
1447023982,197497244 6
3878087676,4041326962 6
723382330,3513377313 6
113950246,3129434874 7
1607870588,663350460 7
2521933792,2382337565 7
1392022482,2157590354 7
1052540669,2148999885 7
3703080264,965102700 7
2920185095,2914089445 7
691319332,1425577286 7
661778972,486601409 7
2000582121,4001493769 7
1756408870,1857560104 7
1291588211,2905860229 7
1203690935,1360085889 7
705387902,2546701697 7
1202145236,1584201722 7
4243350760,2037365218 7
2301220528,1205009063 7
1933588894,903450100 7
1091305481,2899351803 7
1544506018,2209331382 7
4102675253,2327571917 7
2901264815,561446014 7
1204092494,1293535926 7
189041324,1931145569 7
3477956791,1092575879 7
2078565406,3199527764 7
3611707710,110391213 7
2432868517,261979998 7
434486906,3690922294 7
3173381886,1462979580 7
1714602076,976565579 7
262310737,1010889612 7
630882644,338628324 7
79414535,4025622676 7
1844641864,526249420 7
198595432,877730703 7
1504364406,957603202 8
356307059,672471851 8
1348994979,3940862638 8
3244716011,4055383617 8
1795746812,1522061817 8
1189208449,3984888869 8
113749464,1830659562 8
2084922040,2821108012 8
2882128162,3163634785 8
2535204409,3253279720 8
2964708998,2965847401 8
1672272161,947349850 8
1551934943,257018857 8
1606536381,2761970172 8
501084807,2664111505 8
1906150195,1001268589 8
1702078809,2543332267 8
1275049635,4273972516 8
1375041381,3329602600 8
1037506979,3203958727 8
2251540301,1800011267 8
703182096,1302586219 8
165681,1639352472 8
16542900,2325453062 8
1709766371,2066367555 8
3380136260,1821358294 8
1702343368,3095821332 8
1523874771,914734019 8
1145317635,2911913830 8
1065736604,3025144597 8
1442013409,1023843110 8
3099228294,3923787743 8
2873906803,1331811667 8
1207218905,3696328460 8
990934278,361694897 8
2661997383,1131066581 8
239403057,1786842037 8
911397182,4031279761 8
528617088,129710188 8
1454687010,2860922578 8
1243816404,2886407398 8
1381357192,951809480 8
1662496285,2975567307 8
2303696900,548829325 8
1602032902,1318278821 8
1554372998,728590327 8
1229564739,3289645079 8
1670590067,3769138402 8
2463727891,296531877 8
1012897075,1497431271 8
365438650,3233555565 8
1864795432,524969936 8
1736283077,3392276438 8
841336524,3389244181 8
849604054,972456756 8
1257234160,2477418869 8
2586816505,2759070277 8
3177350380,2240482419 8
2147713872,1784809890 8
175054273,3390866377 8
2019774648,2451198811 8
1843216436,2436947393 8
2599243188,2420603687 8
263353275,971288830 8
173065062,82579030 8
1461464457,2179019585 8
2056968632,1285756131 8
1743851390,2591467567 8
1948919080,129062516 8
2214089144,3064606424 8
1063342705,3346191513 8
1480784936,3650451131 8
2210491136,68687101 8
3679483410,3226851187 8
4137288136,1403027844 8
2182418839,3743031811 8
1641936000,4117274574 8
3195451687,3539291601 8
1707614564,1534369947 8
3141299321,915840243 8
1248206273,1669835543 8
1893526514,3567364905 8
1296765758,2281708327 8
2220332833,260612920 8
1174167345,2296601049 8
289338573,3098881803 8
1498452370,3150103437 8
2963471315,2365720777 8
608149505,2167791965 8
1081384787,955519873 8
1939421403,1732994247 8
2180705935,207614056 8
1954759357,1945465619 8
961863121,694354492 8
4272955453,2382544289 8
1469511665,3056556942 8
1862125628,304294966 8
1405446681,888175625 8
1025833654,3280158388 8
4115826515,2441623757 9
944527658,1631539840 9
175483397,3288069989 9
1556793886,547648711 9
4149517851,1257254421 9
2419387375,3131088838 9
750045676,2815273237 9
2765041024,800675527 9
260945141,3373322210 9
1096207626,955164139 9
3913584101,2136003013 9
348068329,2509997849 9
3859906455,4169647802 9
2062299239,2818877110 9
3456626370,1211779132 9
1714735383,3551417755 9
1587308219,3134584446 9
4033504922,1408599555 9
1553916121,936830930 9
201627531,2359677332 9
1271715444,235810343 9
2835866327,3668335845 9
1512421785,2931906254 9
1423036789,3775236257 9
3698616168,378589240 9
962098331,1412277735 9
3539843697,3043671919 9
3859464176,3685967301 9
2201582656,3045800705 9
1244758406,1488925739 9
2077641296,346614245 9
3704635738,3044103226 9
144940819,844324610 9
760481701,3510256908 9
1946851312,944652405 9
3193978323,2896829386 9
2243806985,2875888031 0
1435226946,2737156946 0
1548069239,3961420692 0
1767972951,501639753 0
1319954370,1647454103 0
1456028757,1962414581 0
3357216156,1393672425 0
3333532838,2354586929 0
2308920243,1898560979 0
903974728,3645935065 0
2634417132,727999045 0
1479041511,1895119727 0
3074200494,3768716091 0
422134755,3775142388 0
120708829,4024024854 0
2447334286,4239043124 0
1316241427,3540555457 0
223375908,1597576834 0
3857992119,3750992245 0
3655466987,1776299201 0
110508266,2990234030 0
1014552554,2156625830 0
2812789217,728973616 0
3689054716,2643432533 0
1351688202,2475162683 0
3999268952,411465371 0
1567642148,1738867590 0
2524467119,1345349193 0
2419897679,3999192705 0
4237606854,3247250606 0
1003875145,329531872 0
587309241,1722340063 0
2127492461,3799144558 0
1568078140,3248060600 0
4208095726,3926461504 0
4220413566,375410214 0
2272939797,1015628042 0
230436285,2597885386 0
416931923,71448683 0
879949726,386502170 0
303188804,3099049563 0
2311020282,3625241009 0
82161122,3339619667 0
735044732,3546455156 0
1670939822,295873276 0
2976846367,3012374827 0
2960147449,3868330816 0
4294240167,3300278393 0
2144461423,1074211763 0
683803025,1815410782 0
1639229622,576480135 0
3925792050,3429765492 0
3656014228,503737195 0
1966032935,3923218792 0
2270867327,3953330386 0
1027261474,463449734 0
479807906,2044854305 0
169498696,181862472 0
1302921119,2338876187 0
1881168340,1081884006 0
1684876253,4294809815 0
1709660471,3115132363 0
1709069912,555832976 0
2568949110,252252307 0
3994868562,675192807 0
1677785143,1149145178 0
3124163251,3502362093 0
1339950613,22193786 0
1918752553,3006377376 0
1214980607,3657653591 0
441167420,1520373965 0
1074919949,4033196667 0
3442217446,2355389843 0
2839139189,2080903736 0
398013076,2836266453 0
2808865864,1572652852 0
147432548,3531886156 0
1056158400,1251266575 0
1034722000,3174270363 0
1128686154,265655376 0
1549505849,668693936 0
2682372818,3918606549 0
334903086,3651774830 0
3073191764,3358833604 0
271007485,2004249052 0
4290917265,3328655800 0
1321660288,297576385 0
1959682919,1208927111 0
2158355758,2209912296 0
664408401,2239859155 0
3955471068,4039612522 0
3978527529,1801437493 0
2823532713,2584151046 0
3308848386,77837701 0
518218969,1635098884 0
4011180602,113881446 0
1699648805,3049055720 0
1828253302,3802336906 0
1533853961,3028415675 0
3483708396,2842597916 0
1227679962,4090994702 1
948152825,1746844763 1
1302155921,3908677584 1
117262657,640971848 1
2398305904,422398328 1
1309142617,265218261 1
320737003,3526082515 1
1033429659,832094248 1
3971171658,3592746029 1
287843506,3254816659 1
1201020696,305814265 1
493092667,3094433056 1
1361078281,1409301095 1
116629156,1557573704 1
1517126783,811372278 1
1675092026,1794903953 1
121027638,3669435231 1
3513816887,649038756 1
1004221541,1911112304 1
3526518159,831948879 1
2721000899,4028331173 1
1344879477,3045957980 1
2413427042,3341861432 1
1650102452,2662958331 1
10318816,4221269438 1
2355654037,1795412224 1
1784478542,2443065034 1
1634331957,719022876 1
1036563903,3367530361 1
2583163678,2964455321 1
538659813,2933258091 1
1209482098,317078112 1
3109868529,1383478141 1
501050543,388338967 1
1876833965,4224657772 1
3012736572,1688296158 1
1279788792,3706214398 1
1404568518,2028157380 1
121364484,1131523052 1
2383497472,2173099155 1
2009373493,2154716569 1
1989145909,2585077727 1
1965131512,1727459274 1
1662609645,3617603041 1
1848625481,2227866634 1
1353513071,1675916044 1
1063460349,3854395249 1
2402098363,98991731 1
255017542,184971565 1
2793730047,1697320473 1
3393775865,3543468125 1
1027287615,3307819598 1
1371921972,3183189354 1
1941791396,1937646629 1
1631192379,3081167894 1
1439362789,3884255701 1
2164823003,3384722792 1
1965877868,877203412 1
1450233955,4261881272 1
614307654,799036561 1
352868961,2208773275 1
3822257592,4121117751 1
1491658284,421799099 1
1626417632,2797031643 1
2004180844,438571026 1
2367025420,3700197961 1
132258480,2846041806 1
3019846633,3657086200 1
1782570725,1827208901 1
1160069605,423485139 1
2077140736,2406644809 1
846149592,3356749204 1
1635389065,3825228148 1
1341447543,2159573278 1
1021094457,4189931289 1
88684743,3123541325 1
2004734441,2572458492 1
135506347,1267824663 1
1986169409,312616637 1
4249669653,1917333456 1
1021698914,25053263 1
1822587509,2919627357 1
1724666139,3155400707 1
1006915074,868298641 1
3130646373,3521291108 1
266293742,440325837 1
2880875084,3684235423 1
2092416695,3099735227 1
2155011420,2939551937 1
1939625892,2965346704 1
1191634406,1468926762 1
1807751814,902715998 1
676741027,258533349 1
1450006957,2748898979 1
805795616,3692668073 1
1685428126,739192782 1
2467601343,3576982424 1
2597200598,2955879355 1
1045388433,3231365800 1
12858203,3157933242 1
3690381321,940091641 2
887175448,3728762663 2
3108115648,2043156697 2
4235993376,3720451202 2
3011235089,2645876933 2
1869642765,512690702 2
446625034,1542802575 2
2340973264,1905903135 2
1201677424,1547834708 2
1125686018,842669772 2
1520812194,3627760083 2
3275985421,2007553508 2
1525698601,3861683406 2
52173240,3099096923 2
3313233622,127573566 2
2351540884,1744584333 2
2554426559,3843097987 2
1220361887,925519592 2
2643560978,1554206682 2
2317621868,2124393909 2
1123374651,4094320071 2
2167023712,2005145849 2
2468103102,1545085699 2
1259446840,1896462471 2
3729833248,1235414501 2
4243599889,140615647 2
1565023509,1669783818 2
2616675632,2485976470 2
1484366724,3995565442 2
2481614124,3689532209 2
3218600207,3801709116 2
3216506001,2421485106 2
686684029,916792847 2
939058053,1989450600 2
2216670849,3263028779 2
1938488346,1152319440 2
3137106406,2749959553 2
2605792074,2280834609 2
1333315619,2768181966 2
3503519209,2493220782 2
3602490511,1355817615 2
2379866048,2718838523 2
614602062,241076374 2
1005021178,3849754221 2
3875304045,1613670383 2
3364768935,2413392844 2
2484269840,4194950734 2
3770916911,2474816633 2
4137135760,3576129221 2
1378186675,2599964008 2
3975281907,3288672980 2
2434232871,2898824369 2
1872011672,943108254 2
2318539930,2608541343 2
3403892792,3130538887 2
982687013,2950014886 2
3098948246,3407443958 2
36262828,3945157006 2
3599920640,656955084 2
192822821,706806273 2
3002488500,1073179904 2
1026283454,777767927 2
2823026114,805618179 2
3768696317,2460744811 2
714219097,3787186980 2
1537202034,723159394 2
4207892836,3806917902 2
1937629978,3699547172 2
2606988799,2218533112 2
1802576646,3249269120 2
2226946480,1000790297 2
1331886801,2410097716 2
4185410838,3843557178 2
2707460172,1005181356 2
770588058,3310631237 2
1502442891,3014536487 2
4246851715,4064736836 2
3615650847,33612146 2
1509072947,1544364320 2
1713609813,4094081939 2
586022286,3735478211 2
3988629171,3612963520 2
2764798149,3340539095 2
4201365425,2914359013 2
1332822050,172863144 2
3829449296,4059497790 2
1417840563,395657911 2
1167522280,3506655591 2
2836116865,729053822 2
2932418079,2124865997 2
3572873482,171561551 2
3966148943,3104468734 2
1511718228,2180770618 2
99977523,2238953903 2
489969265,2132072776 2
957072726,1551662460 2
612734647,1600692836 2
1638908871,591861400 2
355074614,3687275233 2
3021735047,982074998 2
3765417586,3693590181 3
2231588410,195196066 3
2138581585,1639546431 3
2568281665,1434302256 3
2836004849,4160888521 3
1046079269,2060255060 3
4283356342,257918445 3
1049555716,3493658242 3
3941358585,2675269225 3
116177337,480008826 3
2049716332,2304769860 3
1017462680,2183237898 3
909158107,2299125252 3
24152638,3737868767 3
1698841232,1196851565 3
3899096173,2243948135 3
3452029393,3486670119 3
1378071238,1439578064 3
3945991001,3708137672 3
123571226,3147681375 3
267934348,2803273308 3
309702408,1472140899 3
1099685471,1892822851 3
2212349373,272211387 3
1902294849,105093482 3
1736093631,2932605478 3
3293960296,3138344970 3
2170521030,2335198307 3
2394020141,3008146175 3
2573428194,4034569590 3
1511766095,1879365297 3
3831076975,379213723 3
115573194,2116106628 3
115950449,2333547968 3
1039877008,643458298 3
3210944832,1592214364 3
3393024236,3810273416 3
3033541665,3690529918 3
3689488724,1446645674 3
1052477194,3253021018 3
1797767288,2496045411 3
1485251130,2886074244 3
1172699019,1093684541 3
2174759850,4053067131 3
1729189564,1664571124 3
2009624923,2430897814 3
3142981129,1444361189 3
1230266076,1357972438 3
715016073,3290148129 3
1994125851,3870043913 3
1791036450,3495367119 3
2401913064,3689793926 3
452524136,1765550411 3
2602591276,1086004150 3
1307128721,3968571042 3
3779198867,1025358836 3
3593073252,2797820819 3
1625827569,2055094023 3
3200610948,296309393 3
3369891353,866293925 3
732562778,2154502734 3
1023435942,2606604343 3
3479013622,3846516292 3
4146529426,1151598532 3
1901879161,1668398324 3
1097320668,1070813521 3
2710561521,4168209766 3
1427103008,1626617947 3
1444785539,1154562692 3
3622084175,3344378351 3
3509067120,4028183719 3
1310431321,3683328232 3
3269967841,3850467752 3
1464005840,4095068362 3
2051851641,555782508 3
3270640129,1526522972 3
2201707612,2366088978 3
108750442,2602723798 3
605005564,3690537554 3
199589558,3186731981 3
2529633116,556346091 3
4161613327,326485983 3
971322763,3550919139 3
1093892709,3148570461 3
2618999371,805859679 3
1604357538,3438638442 3
999092334,3746012309 3
12667192,3488095363 3
971231961,3864774081 3
2599906893,1467099409 3
2423493929,3086274802 3
3169714005,1310523444 3
107000054,4110290181 3
3989988749,559696571 3
3817591257,2932281879 3
2489984485,1241647698 3
411443470,3415257359 3
396242836,3115103862 3
12164450,2432727644 3
2257207917,1017928569 3
2104056341,2301674411 4
146327295,4188713144 4
1862420851,122480111 4
2952384637,3647886718 4
2144156887,617072053 4
3405839225,502703498 4
2978504142,4252445786 4
3508879718,1868677272 4
786326607,756834132 4
3886685651,2872157128 4
1425271960,211550284 4
573482621,1467326751 4
2452554400,1911212951 4
3864314968,3463837575 4
738509121,2447144382 4
1243645754,3961698775 4
1119822367,169773254 4
1702805074,3176033170 4
1231210535,3906804476 4
4079953759,3293103162 4
17713580,896233666 4
187189053,2290647089 4
2227678121,3401238069 4
4004248351,2363549700 4
1148082807,843265724 4
2091096532,2248350870 4
3904419267,2612443956 4
441654684,2029024676 4
4131338278,1147931253 4
4126416164,838409478 4
4294254212,3087504908 4
1332485494,4215036386 4
2498480649,3770446540 4
1240781377,2762823070 4
3748012496,2799976433 4
3017903043,3356311867 4
3075229943,2462758524 4
1460028724,2838730564 4
1227205537,1492926084 4
2631310963,3485420628 4
3609159577,4280552389 4
374719795,3849726558 4
3950283795,470011919 4
3851774759,3951680915 4
1762526855,956462047 4
3758521913,1087443490 4
1031734521,1755028402 4
243177945,4275389463 4
1896486436,2097397271 4
80716492,1813014424 4
2688935294,739663621 4
583081861,301628463 4
2052755562,1423231210 4
1504803378,82315977 4
384903063,4271796302 4
1043453555,1109548675 4
2410231743,345435962 4
747978836,3941221235 4
2805404560,3234543308 4
1488113723,3041291905 4
1566356083,2322870256 4
1825720394,498828934 4
1189351499,3034546359 4
1317183283,1531620369 4
1176961487,298563043 4
4157591844,3212151714 4
3091573768,4025409486 4
3364603531,283453289 4
3597662351,1784063115 4
3021337362,150266666 4
2347263808,849059821 4
210360818,4180170919 4
1346056897,1299874611 4
4189651202,4037158055 4
2538016902,137736475 4
1182497384,4056976462 4
2161268275,1450441333 4
4030225190,3948016796 4
87373904,3403661408 4
3477307365,2867330074 4
705344049,2276256632 4
3643317064,3947352591 4
2470808004,1090414433 4
1135263853,1681286478 4
3597695005,2144979372 4
255515222,3529231927 4
2998334679,2042489223 4
3666702026,2494262164 4
1901421917,778185134 4
1699398090,1149301731 4
4032139400,912517316 4
1821770649,1669415687 4
3487511845,1303835745 4
3855920615,462223679 4
3419203632,149974155 4
859639061,1644935992 4
1326092342,1507633447 4
3827931425,1335890301 4
924169397,1467117344 4
3851140494,3984394157 4
754641819,3354573357 5
2318613126,4148640035 5
2457113044,3769127652 5
1219841917,4048466723 5
3476743989,1927141515 5
3771703329,291780545 5
1484575796,1853563080 5
3512056144,1760391329 5
1763161261,737292894 5
2427787231,3385599753 5
282254372,3222323303 5
4159581604,2652392138 5
2434104146,102573546 5
1273163349,3180867020 5
1788742988,2783948114 5
4252358487,1618996424 5
1397840397,735796480 5
1240128728,478349050 5
1195912396,225518716 5
806172744,3187356351 5
2263038034,1709084787 5
1099678648,2168203148 5
3334275375,1357346663 5
694211651,4155003049 5
2552085718,3499505696 5
729384600,922869166 5
2444307831,602885737 5
2206830896,942117654 5
2965035710,3859873076 5
770518233,1208474308 5
3521541760,2318433852 5
3002979071,3045823892 5
1740829662,4000620923 5
4277053535,597515444 5
46938769,3887908915 5
380583187,1517102452 5
1138297779,1394101526 5
979863162,1890777897 5
1694486967,1868346403 5
3046640568,1378777383 5
1988839067,72647141 5
2727332608,2940987449 5
570611397,3623189929 5
898412847,3159142642 5
3314153115,2047345846 5
1164641357,53004595 5
2278543692,832675696 5
3765801138,3000659562 5
294224490,3381009699 5
212428354,1099427354 5
3355645918,2161799244 5
1330980005,4152684842 5
175918910,4276402801 5
2468102667,2920976419 5
590744280,3853633051 5
3365458283,983736950 5
1956185799,3791369092 5
3293344527,386775025 5
2732521532,1985478311 5
1315016999,1447954000 5
3447072790,3819574049 5
827801449,3066496608 5
1684493012,2506984401 5
2122022399,2389488730 5
2428464685,2561607315 5
3388150649,2131224789 5
1565602642,3239918852 5
2029828086,3733256821 5
3988071348,1178867427 5
2403267669,1256420014 5
1605197453,3754810248 5
181739729,3984956109 5
1696842421,2374885275 5
3403781514,3910483111 5
3653283353,335919653 5
463867666,2767415338 5
1445990496,1438074572 5
667987368,2330728126 5
1376086545,4260874266 5
2891438454,537155563 5
716460530,3792820640 5
1834807044,1745539472 5
1011279810,4233149876 5
3317151706,3161203426 5
3783387449,3891652581 5
1822039689,3103733926 5
2822661454,3441190879 5
3820925842,2335051945 5
3567396536,3799536845 5
1265457579,2042485346 5
287976063,2385412147 5
2117057760,824652751 5
649934227,3046178359 5
3228508325,3418281808 5
2259126185,437420154 5
1172798773,4203356825 6
1115502390,2695497402 6
1633103156,3013145342 6
1489431022,3850887810 6
1623269068,2185247705 6
1088388734,3281327959 6
213796839,4163471779 6
1977902463,845512298 6
462688582,2954192054 6
241471674,229773418 6
424212906,71998497 6
1823522999,3045722637 6
2910174879,458963318 6
3715069394,40092879 6
3375328007,4188854147 6
360211977,3046097902 6
3489005331,3776818038 6
3562215553,3619970771 6
2941482963,3739325227 6
1073213948,472772509 6
2826293010,142692895 6
3627670870,4018051790 6
1000145884,3042762889 6
1641484020,3287203060 6
485952687,205964548 6
2895968531,3933398196 6
1644006454,607548954 6
1247159622,2504501888 6
121869864,2721135840 6
1476236766,1636869704 6
1128292422,639678557 6
1308262418,1594068144 6
2561733981,844940057 6
2124639184,687362776 6
239088671,4229377893 6
1769832036,2928100241 6
259765084,1212006647 6
1254628477,679615369 6
3358656442,968400777 6
1176179904,2290398867 6
2048189703,3485173768 6
796447312,2968820004 6
2666796184,1575123556 6
1834572142,865816325 6
3151066072,2736057530 6
1680647089,1033495320 6
421382705,3320820930 6
3091671894,1609627484 6
2032690752,2338678900 6
3525334443,3077059419 6
2752715717,2367784499 6
506005627,1016006599 6
1742768252,2050851221 6
2152968491,4275759000 6
1072153462,2409956966 6
126368337,3668739624 6
1609393085,1998849465 6
1467477648,3271738019 6
1191106554,597899120 6
3693470208,2456849992 6
638826177,1661269913 6
3944485203,1318653115 6
1028353025,978645789 6
1906706350,1168204838 6
19663425,1846271024 6
1648835095,3193845622 6
1466232073,2693668408 6
1822162552,3051393720 6
2018797060,1426318523 6
1182074462,3406814628 6
2383433724,4228561711 6
1161758809,44709329 6
137425503,590247686 6
1650786546,500868818 6
3471565980,3078381646 6
1692029459,2941132711 6
1523438012,1766453797 6
374063049,1121567694 6
155599403,3513035193 6
1652007739,1373444045 6
3121437449,3240772120 6
1237667044,691131528 6
161651991,3469235857 6
1948098817,4008295966 6
2112044339,503536177 6
1169197466,2124448506 6
3943481008,3964166250 6
1599317999,1792615967 6
1906229165,2506625033 6
1296897596,1325011804 6
933861692,1895133833 6
1297409347,2744427148 6
320287091,2060105290 6
127846919,2859572671 6
160406247,2483203641 6
2741982618,3371982062 6
1822618528,1983770804 6
2910035173,1780471353 6
2473449151,1832087870 6
1783904395,90552186 6
1150337939,282685257 7
3375220256,3148945519 7
1248071978,3329087330 7
788503673,538493429 7
3093846306,2163322646 7
644150997,1246145224 7
717346483,1617232367 7
2047306509,2406016264 7
241254066,2113093063 7
2679863648,356857721 7
1307019737,295137704 7
2212899274,3766985554 7
1726092053,3532912202 7
525216706,1060184431 7
2324249502,113187374 7
3697449161,4170005826 7
1172498236,2721752498 7
3237543353,754173858 7
3670585578,3631028785 7
3597932815,2511184994 7
3251292384,2580875361 7
3381502229,2999719794 7
3703543699,2027995323 7
3607167818,1728055361 7
3354926789,3141610764 7
961454857,2363408473 7
2778656474,333201923 7
3896866492,21064893 7
1239324019,30890622 7
3434877933,1690367654 7
2313961520,1795609302 7
3054748638,4018961727 7
866836688,330236230 7
813725824,2024849984 7
2831811271,562883707 7
3355948121,2724656265 7
4247816067,1203104335 7
1415004790,2270740666 7
977128654,3617188393 8
1611405674,1284314771 8
395545931,426655116 8
2575091246,3493162169 8
1782160002,1401089539 8
1671768274,1164163391 8
464432039,2541927775 8
2006089925,846854426 8
1656364153,2059059257 8
1496419185,3590968928 8
1282680792,2327450314 8
381320621,1600847797 8
118359360,830362822 8
1497226889,3004816186 8
3591383561,1138595030 8
185000968,1288214826 8
2545082532,1920678318 8
374476894,3573791933 8
1093003477,3200769350 8
1774945112,2123615081 8
694233008,3089334006 8
1492855643,1036254939 8
1478121495,162451850 8
888778220,1995126550 8
2162847340,1289521348 8
1928053553,1143100950 8
44875096,881777113 8
2362412612,172711303 8
109224408,3770690204 8
1598691615,2113193131 8
153930416,2151321814 8
2811210827,400024014 8
2073705547,1373062861 8
2830327587,799980301 8
317615474,3040472756 8
2684938504,4038707030 8
126363277,4196738088 8
1150357988,2188082091 8
1256440312,3448606084 8
103890200,857494390 8
300726936,1039862154 8
561413775,1677900117 8
104792628,1425669746 8
2268341631,2089844996 8
1443225407,2583479831 8
2232301521,3278576602 8
2451541979,190993214 8
1395789517,3443641069 8
46249048,3138797654 8
1846604042,2100093332 8
847942410,1630631306 8
1374470865,155400656 8
180317163,1576544743 8
1806281489,166641455 8
2478324063,1010861542 8
539424605,1197223563 8
2089103959,3341990289 8
1265934693,3147125949 8
281790791,4261562280 8
2834635039,3196377836 8
123636833,390806687 8
465558834,1559114446 8
1111013855,2652662036 8
2933001779,1283558971 8
322718201,3692752162 8
2543683781,4033278228 8
3719692223,3897698697 8
1087745454,1077249185 8
1533728590,4067500461 8
3268509305,2469298859 8
431581712,1423430162 8
3320563693,392009356 8
1479086841,3747384220 8
1746053279,2512482020 8
2175126276,180990315 8
1323828880,1339188799 8
333541949,228415114 8
1211347817,2533442169 8
767823309,4030326527 8
2546656200,3427941444 8
2415902297,2509725144 8
1555145507,538773497 8
1543214233,2173769728 8
2477897799,1899482509 8
2143293660,3332356559 8
285314562,1777527911 8
3805129644,2104896758 8
2911054563,3152858505 8
1019253237,3011893397 8
794915680,503218749 8
1709297745,2298504792 8
1803742884,3330501264 8
1564053934,3226819293 8
1183622366,4101730029 8
2082911449,931952699 8
568927378,2453697048 8
899157862,3340332929 8
335977779,390751165 8
2789575266,236593223 8
2875145356,3542503002 8
3691667766,2040366750 9
2167753108,3938205802 9
3884968117,2646435288 9
584220651,2289637293 9
2183022442,3889923821 9
1565212452,3505576894 9
3595287383,1481085436 9
2612250051,839150305 9
2580987131,2424872943 9
1626907957,3296984034 9
285277815,2051765925 9
363389862,3079155315 9
2496705503,2954899693 9
1201359442,2072109879 9
4075186912,3647118438 9
2753220356,732432785 9
240125411,1167493729 9
501804269,2839978682 9
396584995,436107153 9
2852956908,1313429255 9
1684661019,3200134554 9
3377773534,1188658333 9
1196090589,897192090 9
770521945,1570253983 9
3519101490,3647305282 9
3667724329,791622955 9
1246597711,3531354621 9
2971365167,2800068324 9
2210453572,2418321228 9
1383833777,1619019161 9
1879658420,2569982112 9
2814455709,2093210938 9
1651597835,2142224181 9
977698194,1411894497 9
2529746192,2530577861 9
544793041,4209672569 9