1347593560,340273472 0
1501155589,1356274776 0
1054581050,2684665613 0
1568626909,1894741645 0
161426629,1800892002 0
3611498666,3949824337 0
1820512490,3555116278 0
117995624,524504722 0
3899769296,1698857275 0
2214040378,4153967261 0
2565988850,2064461098 0
1031722948,1483137713 0
1923011033,1086796474 0
295541130,3932923649 0
1095003129,3962710727 0
3689566060,3040365393 0
3520469144,895920710 0
2386324731,902096017 0
1231163384,1677499746 0
1973865335,3719396149 0
1618276151,2122899645 0
1451088972,2208245081 0
3942813424,3283767450 0
228903553,3107282818 0
1084707765,3436635730 0
1563195089,2272887631 0
1144954647,3794913324 0
514090627,4081108808 0
3120427719,1567887071 0
3119493737,3779699914 0
2677630002,781569846 0
1017355367,1879094210 0
1696942440,433973793 0
599882160,227938673 0
1913000350,164871455 0
2702103971,3140561461 0
2847527304,3826539567 0
1362911765,544009526 0
2467010332,3643606286 0
3014138018,2431322593 0
3232055707,3968657425 0
914425309,1961086537 0
226898866,3279055442 0
2044913027,3906342757 0
102745514,3886973266 0
406511336,2740748387 0
1243172469,1204553239 0
4287434439,975531 0
2584061741,1046165431 0
510917715,1812096815 0
521675278,3414646780 0
3543306692,2093707007 0
4081730035,665186467 0
1190712661,1006058448 0
1791117889,2199754493 0
436157930,1276090838 0
2889851278,1602118231 0
2166279026,157988026 0
849772576,3194080778 0
4169186191,3904049920 0
3350871840,1924196445 0
1065091339,734999670 0
2431174579,3447040220 0
3980806355,3598537046 0
3914618284,2645835730 0
3783556004,3385489128 0
230144865,797032166 0
1439962339,2935634929 0
1822751549,3460867563 0
4079437584,2599422847 0
3277585935,2663180521 0
1095175098,3063895695 0
3703019429,4076853070 0
1062872676,3773907262 0
1994786194,1298889399 0
2543882430,2524829205 0
299924404,411154827 0
166940107,1183627960 0
1184785925,2831929502 0
1141562093,3380548208 0
1003645637,3600678665 0
723792022,366228358 0
2358779251,762781573 0
3103733376,670222842 0
1075352344,2714207245 0
2891889192,2662693609 0
3401411108,1915028459 0
1171921177,716083518 0
1008038929,307277741 0
4098914742,303326291 0
1812965578,1013285418 0
1904897543,2361981627 0
3378810613,1288909746 0
1165735841,3463221605 0
1134387543,1121793001 0
1059394823,1316100195 0
2280143221,2805959915 0
4168845350,3198133625 0
999544905,3257596293 0
1629411061,2228175777 0
3099542478,669326003 0
430450871,2794518679 0
3911588633,3340471803 0
175949211,1743158148 0
2647029360,4016325980 0
2278140966,447825446 0
3342923868,4081122078 0
3002042127,1644106410 0
139508092,1980315248 0
586244842,2925598161 0
4068405853,2840877999 0
2085669693,3670207256 1
1625000296,2352006363 1
972964313,3738944463 1
1604919580,1574180978 1
1001828885,1344894834 1
1698518893,1161240231 1
2094730311,1153475771 1
2727233318,3760471905 1
1497503114,3972673141 1
1377928595,269045813 1
2604006660,272866169 1
112806927,3323340015 1
1188531013,113163790 1
705493206,4137742327 1
2172779351,3804295227 1
1775232379,511420454 1
1875446089,1105064339 1
2384617473,4196234234 1
2055014103,2937625911 1
1324046542,3997496509 1
921004276,915767219 1
2338657364,291429325 1
2805489430,1048487720 1
1077282997,1193035176 1
922060156,1977951728 1
1942944396,1601918638 1
1524097539,572020739 1
3906900676,4244241786 1
168594798,118126132 1
1047095444,3620858429 1
3870485505,2797342552 1
103369606,739504266 1
2340455959,2389491869 1
107702314,1845406817 1
2005601940,3998674585 1
1786207338,2685602884 1
2642896533,444894858 1
521895565,3309790630 1
1302926939,3520528853 1
1055430523,2949104808 1
1058552966,3830643449 1
1760525926,42338104 1
451867796,2269919711 1
1864981285,316754347 1
2703807166,2258263227 1
339022897,2205667338 1
113095439,1049090493 1
614627268,2788865386 1
105649194,3273487109 1
2406969611,1696506408 1
2268214534,1831507066 1
1011555140,2279576067 1
3326810556,2654242220 1
418161794,1836868623 1
2740920363,4250827023 1
520482981,1239093691 1
1232663469,3236473685 1
1940183558,2247418538 1
2337347056,214402288 1
2651615449,2953120804 1
363214990,2702269368 1
1203061449,2100800518 1
1131265120,3854178965 1
704010841,3396613808 1
1172375227,1442042759 1
1835730412,13755822 1
2728793759,1213133810 1
2118539084,1569914199 1
4033910376,673341727 1
1578608481,1641572208 1
1989103953,471334511 1
2728390009,376016434 1
1009576057,120777770 1
1938395672,3867309292 1
1431011525,764452876 1
10342442,2128959158 1
590264233,4156721323 1
2249678272,3583571308 1
1586953888,385443411 1
1057159060,2314921060 1
3453173312,3802704295 1
1430522814,3189931074 1
1132511654,746811783 1
84176642,29565543 1
2805278914,4000964561 1
724246941,270854052 1
396843728,3518649896 1
1443990124,3965524191 1
726134175,2047421073 1
2495042890,2099998938 1
2460751252,1985088486 1
2535281059,1520877535 1
2165212233,4288567995 1
1258583596,1376879037 1
921867674,291545289 1
3110427820,178721040 1
2974882012,4291822393 1
409177981,3656368759 1
2500446451,1243239062 1
3514959937,3119885120 1
170790948,3235400973 1
208238229,2402275202 1
1312552001,2384482711 1
193831512,3444728609 1
1074863256,4146736911 1
1218967023,1861189289 1
1262132591,2208378418 1
1528433268,3367760562 1
1230825419,1618791145 1
1044926058,4170922520 1
1412645222,3617796341 1
461927984,2063591449 1
1870102862,1635627606 1
1076239505,2268297659 1
1568451523,770050942 1
1477364825,3282331267 1
2748478608,3553248659 1
1515505550,2374202315 1
2537478158,2679888064 1
3306181948,930437893 1
11374166,1315472660 1
2777759036,988803412 1
1374494829,926662357 1
2446239163,1616730200 1
1033529426,1016404717 1
585924421,3599050462 1
1320243298,4225884631 1
4183553955,4160074446 1
1133796395,2408854608 1
2339510602,1697384747 1
2274087874,3804984651 1
14777733,1969466108 1
1828960961,3461270101 1
2796145065,1551184558 1
2417157854,3855135626 1
589329177,2402757372 1
1225666251,1007690386 1
1055665163,3024037142 1
2513269131,1412110383 1
375946040,3097315132 1
1012362031,1122502681 1
1543212067,3049233365 1
143706516,1770467785 1
2189306977,2527475935 1
2715809500,2192746475 1
1931284848,2487227089 1
2652375551,729167730 1
1260649385,393585809 1
3397141372,2608786990 1
2535439852,2011483151 1
2527172315,1300357166 2
802623772,1830407929 2
1002660723,606858848 2
2258964741,4241857772 2
1827373959,3283057967 2
2979351147,657165336 2
3246385162,1291522562 2
3216595386,2963335067 2
214676612,756265178 2
281013481,1359057286 2
1088881642,1894792628 2
2097547216,767426435 2
254035246,2487412572 2
905314651,4153858392 2
2769555368,4223917650 2
2897041755,1982769882 2
2299356814,91199054 2
451440327,2763862869 2
1290589876,3192172026 2
3400396418,904238162 2
1989345769,1478541470 2
1830918066,3407901440 2
3266971080,3568684852 2
3717912103,2829903157 2
2242259330,3134764135 2
1397518663,3233662738 2
1031597651,25813040 2
693035703,1499671634 2
1049984316,1146681082 2
1397403540,4071993573 2
3568858848,3967455294 2
1773661578,2221423120 2
634527586,3628315407 2
2593373000,3362826350 2
2424797297,2389988408 2
3454425905,2014684066 2
4083285010,1584943097 2
2080833164,3772205388 2
1968050125,404008097 2
3448646142,4085828933 2
658125819,469832624 2
1141633868,3970513205 2
2837011676,194862375 2
3048628367,1955201610 2
504855292,309027229 2
1417375099,2470716676 2
2669443792,3822742791 2
967923174,2774031388 2
1065941457,2033163243 2
731167498,897230140 2
1746073909,3529630230 2
231977444,2342596392 2
3421468168,270159433 2
2874319535,1238999819 2
884118367,3509822529 2
1318009561,4047610898 2
3324419875,445857256 2
2000841726,3647684661 2
4106140402,2791510394 2
2719840304,1216646384 2
1242154854,211400196 2
1756067009,1948384578 2
101643925,1433921320 2
2802013037,3509308286 2
929903619,4061768691 2
1289848611,2258821783 2
544050059,226887722 2
3265291618,1590662759 2
3672749857,800271660 2
3947363008,3501464201 2
4205398635,377329390 2
501402973,1581630587 2
1631605215,4158393785 2
748240955,2171403773 2
4225574416,2245662768 2
1209273811,4220581231 2
1649946791,3318720482 2
3256575117,3886408006 2
3207014796,2492478092 2
619945423,1854278430 2
3020346854,1177683433 2
2126229891,710791965 2
2497998746,820438829 2
2107428229,3724126749 2
2721014254,3596868358 2
2124856909,2434226879 2
3713822870,3745353408 2
1498534943,3502632895 2
1271077370,1962561718 2
2771717197,1506511797 2
3307896014,3164192208 2
3780832622,1863349193 2
702661550,1436634165 2
3957035124,718903590 2
2687141021,3526229393 2
2625101396,294563860 2
50186677,1132581412 2
288121566,302656830 2
2681233168,2300805269 2
1431234373,3850028108 2
71778098,2710114796 2
2331280171,2256584177 2
2767851643,1222750217 2
3173743270,741339656 2
1347507550,510111743 2
155804095,2717731086 2
3812171617,3586644945 2
1655258949,1784520274 2
2783882163,3912205191 2
765188244,1370621802 2
1011890883,274150201 2
2888702465,2020867172 2
3104979107,2416946278 2
422771444,3029068645 2
3025188477,3871654197 2
907848808,3221482315 2
4263730791,266243793 2
3323385547,4242002879 2
2251083252,3255515001 2
2747545101,3849496308 2
3715674442,2040122364 2
3879990847,1858971544 2
1890075759,800359886 2
1299602918,2246401867 2
1614033795,1899604050 2
3114572687,3250400935 2
2708154788,852480645 2
2645826502,77931652 2
318332701,2973388574 2
560152199,874279223 2
3525655905,4019953343 2
354973921,3331477995 2
640012425,441256460 2
1082945825,1166667733 2
2312303582,3074173967 2
1569316681,4265538896 2
927033983,3091650050 2
1298299710,487021787 2
2608186477,1645117525 2
3892669496,4270092531 2
1915122331,1429277823 2
1678799524,2440326071 3
3180558814,182521170 3
3477683979,2969579133 3
3717160634,1099471419 3
2465375475,4255607601 3
25489872,884136249 3
368980823,4279929801 3
186029588,2442037527 3
1043430599,605195368 3
2694330,311154068 3
1451403300,2729721229 3
4000323761,3786762143 3
1850332343,3465104713 3
1269247605,2771973704 3
4012747428,2960167230 3
3573268072,327847403 3
1241746465,1806403276 3
2142578583,346127102 3
1688960650,3910126615 3
2013194287,807672508 3
2077877156,2715569849 3
2273471051,4185188490 3
901971080,1493409480 3
1328989615,2020929435 3
1997255482,964046423 3
89092648,676633317 3
443970730,3387648003 3
386671928,1225128887 3
3526943338,351657895 3
1094059866,349393664 3
2825541051,3073875732 3
2379822597,1011222134 3
319012078,1127027474 3
1783540743,397152931 3
3490872224,2950142566 3
1617240030,2409557570 3
2082553638,4028840126 3
2994445522,424492605 3
2784156850,3310002822 3
3087126918,3014098653 3
2339207056,4271505564 3
205362644,3092590615 3
3029778341,3434210553 3
4291045269,1995113269 3
1079925102,1849864812 3
2716757581,2942093151 3
3782209449,2157306256 3
2710814812,1318004059 3
1896802482,3815391407 3
2965504661,508147972 3
2288982938,2341513911 3
2837426456,751515950 3
3908637118,1724457179 3
588149748,3750019188 3
3641309131,462485882 3
1557301386,158340671 3
4186886280,474939874 3
1679960470,212507000 3
939884824,3489676976 3
4036546385,1117123236 3
1198696150,1974831517 3
2847572078,3817252428 3
2048659678,1248062314 3
276635554,3778273706 3
2082457452,1211023493 3
1252462451,47331044 3
3295683008,670888490 3
1794689305,3421214838 3
3196392670,1717265080 3
834770206,29177238 3
3829734181,957924244 3
139955028,2779218293 3
3645303580,1420567158 3
82066009,598450411 3
1612436528,2407466656 3
505968446,2944544832 3
411068427,2910190167 3
673732135,3185767382 3
1257410489,3949827088 3
1055759209,3832189357 3
1374386191,1169157308 3
1939102266,3533744485 3
1936374350,3303097792 3
1466429017,2995333601 3
1399796176,2403090761 3
1733011899,286523024 3
1074682383,1944705276 3
1901707711,3025540475 3
3605877820,3675332933 3
3503501352,3040072028 3
1655688373,2159613849 3
2346981739,3906829868 3
324475105,836952757 3
2740352064,2932659852 3
2317635216,824603558 3
3792543616,2080283888 3
1423089921,2450685125 3
1219362706,1405289094 3
2487366214,2741374238 3
1733074415,533709797 3
2406186285,175664667 3
3187101682,3980314510 3
1368538998,434068002 3
4091360447,915262825 3
3154099459,1451405160 3
2440037083,3209414448 3
112737695,1040659082 3
2783399775,1213185803 3
203434199,884866933 3
3228877277,2613959207 3
3793447337,1017030404 3
2333216243,2184728190 3
4126453271,3652523561 3
2037616827,1575413215 3
1253730654,642573073 3
944780020,1623901379 3
1884425186,4016338112 3
3271166837,1746467046 3
2668163122,935657121 3
3875426654,1968460469 3
1160176670,2058106347 3
2850903792,1911928163 3
4064911194,2307134171 3
795825477,2210537006 3
3664875740,3682266768 3
3181914901,601316867 3
537829377,3673632579 3
461766002,195581737 3
2482819038,3795838052 3
3940033771,1225304558 3
2643883980,1543497568 3
2629478222,2452806391 3
207092859,834066859 3
2438692757,1972968867 3
1679132158,1836940424 3
3049759565,2753608646 3
2498396055,3252831720 3
2977947900,2750992750 3
2878216725,1034260280 4
1642340806,4074198620 4
2587466107,3850775221 4
687750299,2058136635 4
1738602964,853303776 4
2422861364,2524134876 4
3611709780,194196927 4
68168197,2926119469 4
3373166436,1153354499 4
3553360335,1761905742 4
3414695946,1625961697 4
2661830203,4188759363 4
796997821,1232031223 4
3647847086,1999102908 4
3559770594,2473224770 4
2465377529,2439395960 4
4211313200,3846410363 4
3961545771,2313941005 4
1288466187,3225928481 4
2244003835,2529728408 4
1566852368,4069410165 4
1424546569,4094463201 4
527025238,1350603841 4
141131631,1758153496 4
69628287,838248430 4
159561237,372058332 4
2633147771,408221597 4
2192440868,2551230892 4
1875618256,3218677926 4
1876128233,3200495784 4
2594997008,2726605620 4
3839653001,3379053308 4
1812539211,3207903952 4
3004292546,3250203346 4
607179088,4237769106 4
110322923,3986487942 4
2678953796,2211534917 4
3591497598,1121057431 4
275460767,2448047223 4
624042833,434865908 4
1163980381,2643157480 4
3435897073,278322570 4
2641656734,2872469927 4
4111725847,3416963048 4
2888218385,1989624917 4
61087234,1613386316 4
3812635102,1316464352 4
2770085643,2487592137 4
1834000591,4214079448 4
1538524029,1800316504 4
1951516867,1541024726 4
2531612247,2739553722 4
2349328935,636040781 4
3576935114,1321862969 4
772224957,839533100 4
2434208108,1496251775 4
2261724252,56127615 4
2419126171,735153111 4
2010558236,1663292918 4
2599658121,3039989169 4
3776599247,4183360020 4
4184286427,1786900073 4
344786631,1394308582 4
1448017622,2496955517 4
2378540407,506436174 4
692517427,1177991583 4
812694134,3434871415 4
1118799904,2534120004 4
2626553435,3451538436 4
3880933604,154281828 4
228855913,2348059819 4
1668542973,26094330 4
1050943250,1165398495 4
3374955600,2081031323 4
1409425183,1007827318 4
924427620,2539701730 4
3168859178,2754370216 4
3593576124,3400066458 4
1901937608,875614044 4
4123573696,1932716484 4
544516769,3179373735 4
3351762487,3177770885 4
1513615116,1937060299 4
2399052669,2594923304 4
82219819,4117340184 4
4224582442,492375708 4
3088192121,1422267715 4
2382491702,231239677 4
1817825607,443976044 4
3878863987,1303061149 4
4125420654,3741701391 4
302486418,3959126070 4
1998241335,3485134891 4
3407751267,3664512069 4
2629796448,2270964867 4
1682532065,9101178 4
1875421459,2162799810 4
3465221017,870767302 4
2286172792,941300884 4
3199249837,1648235901 4
1437907453,1007736587 4
1096359531,1799719982 4
2256875892,2403849259 4
3736061175,1669991993 4
950642026,614975402 4
3705549259,4122889101 4
1135119289,559775152 4
986093163,1974491577 4
1909418643,3094885691 4
3987980667,2801739455 4
3757223788,3306576891 4
3799486980,541706775 4
264782652,3192170188 4
1008794017,3081693337 4
2578422243,1154614724 4
4087854814,4080978825 4
1483686118,284555349 4
2975131036,2290489480 4
2450785643,2261189562 4
436003855,2970803422 4
3123164413,3295742759 4
50323782,2702858725 4
1099716131,1973909054 4
2029212297,3363453742 4
1158950016,2615069540 4
922590934,780173498 4
1922403187,3103001974 4
3048132626,2169053499 4
1943675650,1823647125 4
399660805,1358322766 4
3834294416,2873461157 4
3930999989,3558453727 4
1579276695,790773955 4
434327431,2496065491 4
1816572804,2626888288 4
549714771,2904783998 4
3831266001,2405601430 4
2355532036,2215000779 4
1768376273,3833663611 4
3787749042,3993889620 4
2262575267,1389541712 4
875870395,2553870919 4
2036947700,957462752 4
1924824138,1230097979 4
3755738920,4103806344 4
3494449412,868722987 4
3771481123,4241109470 4
2093166602,2878610234 4
3582828567,2930389363 4
702884506,2913285057 4
2243806985,2875888031 0
1435226946,2737156946 0
1548069239,3961420692 0
1767972951,501639753 0
1319954370,1647454103 0
1456028757,1962414581 0
3357216156,1393672425 0
3333532838,2354586929 0
2308920243,1898560979 0
903974728,3645935065 0
2634417132,727999045 0
1479041511,1895119727 0
3074200494,3768716091 0
422134755,3775142388 0
120708829,4024024854 0
2447334286,4239043124 0
1316241427,3540555457 0
223375908,1597576834 0
3857992119,3750992245 0
3655466987,1776299201 0
110508266,2990234030 0
1014552554,2156625830 0
2812789217,728973616 0
3689054716,2643432533 0
1351688202,2475162683 0
3999268952,411465371 0
1567642148,1738867590 0
2524467119,1345349193 0
2419897679,3999192705 0
4237606854,3247250606 0
1003875145,329531872 0
587309241,1722340063 0
2127492461,3799144558 0
1568078140,3248060600 0
4208095726,3926461504 0
4220413566,375410214 0
2272939797,1015628042 0
230436285,2597885386 0
416931923,71448683 0
879949726,386502170 0
303188804,3099049563 0
2311020282,3625241009 0
82161122,3339619667 0
735044732,3546455156 0
1670939822,295873276 0
2976846367,3012374827 0
2960147449,3868330816 0
4294240167,3300278393 0
2144461423,1074211763 0
683803025,1815410782 0
1639229622,576480135 0
3925792050,3429765492 0
3656014228,503737195 0
1966032935,3923218792 0
2270867327,3953330386 0
1027261474,463449734 0
479807906,2044854305 0
169498696,181862472 0
1302921119,2338876187 0
1881168340,1081884006 0
1684876253,4294809815 0
1709660471,3115132363 0
1709069912,555832976 0
2568949110,252252307 0
3994868562,675192807 0
1677785143,1149145178 0
3124163251,3502362093 0
1339950613,22193786 0
1918752553,3006377376 0
1214980607,3657653591 0
441167420,1520373965 0
1074919949,4033196667 0
3442217446,2355389843 0
2839139189,2080903736 0
398013076,2836266453 0
2808865864,1572652852 0
147432548,3531886156 0
1056158400,1251266575 0
1034722000,3174270363 0
1128686154,265655376 0
1549505849,668693936 0
2682372818,3918606549 0
334903086,3651774830 0
3073191764,3358833604 0
271007485,2004249052 0
4290917265,3328655800 0
1321660288,297576385 0
1959682919,1208927111 0
2158355758,2209912296 0
664408401,2239859155 0
3955471068,4039612522 0
3978527529,1801437493 0
2823532713,2584151046 0
3308848386,77837701 0
518218969,1635098884 0
4011180602,113881446 0
1699648805,3049055720 0
1828253302,3802336906 0
1533853961,3028415675 0
3483708396,2842597916 0
1227679962,4090994702 1
948152825,1746844763 1
1302155921,3908677584 1
117262657,640971848 1
2398305904,422398328 1
1309142617,265218261 1
320737003,3526082515 1
1033429659,832094248 1
3971171658,3592746029 1
287843506,3254816659 1
1201020696,305814265 1
493092667,3094433056 1
1361078281,1409301095 1
116629156,1557573704 1
1517126783,811372278 1
1675092026,1794903953 1
121027638,3669435231 1
3513816887,649038756 1
1004221541,1911112304 1
3526518159,831948879 1
2721000899,4028331173 1
1344879477,3045957980 1
2413427042,3341861432 1
1650102452,2662958331 1
10318816,4221269438 1
2355654037,1795412224 1
1784478542,2443065034 1
1634331957,719022876 1
1036563903,3367530361 1
2583163678,2964455321 1
538659813,2933258091 1
1209482098,317078112 1
3109868529,1383478141 1
501050543,388338967 1
1876833965,4224657772 1
3012736572,1688296158 1
1279788792,3706214398 1
1404568518,2028157380 1
121364484,1131523052 1
2383497472,2173099155 1
2009373493,2154716569 1
1989145909,2585077727 1
1965131512,1727459274 1
1662609645,3617603041 1
1848625481,2227866634 1
1353513071,1675916044 1
1063460349,3854395249 1
2402098363,98991731 1
255017542,184971565 1
2793730047,1697320473 1
3393775865,3543468125 1
1027287615,3307819598 1
1371921972,3183189354 1
1941791396,1937646629 1
1631192379,3081167894 1
1439362789,3884255701 1
2164823003,3384722792 1
1965877868,877203412 1
1450233955,4261881272 1
614307654,799036561 1
352868961,2208773275 1
3822257592,4121117751 1
1491658284,421799099 1
1626417632,2797031643 1
2004180844,438571026 1
2367025420,3700197961 1
132258480,2846041806 1
3019846633,3657086200 1
1782570725,1827208901 1
1160069605,423485139 1
2077140736,2406644809 1
846149592,3356749204 1
1635389065,3825228148 1
1341447543,2159573278 1
1021094457,4189931289 1
88684743,3123541325 1
2004734441,2572458492 1
135506347,1267824663 1
1986169409,312616637 1
4249669653,1917333456 1
1021698914,25053263 1
1822587509,2919627357 1
1724666139,3155400707 1
1006915074,868298641 1
3130646373,3521291108 1
266293742,440325837 1
2880875084,3684235423 1
2092416695,3099735227 1
2155011420,2939551937 1
1939625892,2965346704 1
1191634406,1468926762 1
1807751814,902715998 1
676741027,258533349 1
1450006957,2748898979 1
805795616,3692668073 1
1685428126,739192782 1
2467601343,3576982424 1
2597200598,2955879355 1
1045388433,3231365800 1
12858203,3157933242 1
3690381321,940091641 2
887175448,3728762663 2
3108115648,2043156697 2
4235993376,3720451202 2
3011235089,2645876933 2
1869642765,512690702 2
446625034,1542802575 2
2340973264,1905903135 2
1201677424,1547834708 2
1125686018,842669772 2
1520812194,3627760083 2
3275985421,2007553508 2
1525698601,3861683406 2
52173240,3099096923 2
3313233622,127573566 2
2351540884,1744584333 2
2554426559,3843097987 2
1220361887,925519592 2
2643560978,1554206682 2
2317621868,2124393909 2
1123374651,4094320071 2
2167023712,2005145849 2
2468103102,1545085699 2
1259446840,1896462471 2
3729833248,1235414501 2
4243599889,140615647 2
1565023509,1669783818 2
2616675632,2485976470 2
1484366724,3995565442 2
2481614124,3689532209 2
3218600207,3801709116 2
3216506001,2421485106 2
686684029,916792847 2
939058053,1989450600 2
2216670849,3263028779 2
1938488346,1152319440 2
3137106406,2749959553 2
2605792074,2280834609 2
1333315619,2768181966 2
3503519209,2493220782 2
3602490511,1355817615 2
2379866048,2718838523 2
614602062,241076374 2
1005021178,3849754221 2
3875304045,1613670383 2
3364768935,2413392844 2
2484269840,4194950734 2
3770916911,2474816633 2
4137135760,3576129221 2
1378186675,2599964008 2
3975281907,3288672980 2
2434232871,2898824369 2
1872011672,943108254 2
2318539930,2608541343 2
3403892792,3130538887 2
982687013,2950014886 2
3098948246,3407443958 2
36262828,3945157006 2
3599920640,656955084 2
192822821,706806273 2
3002488500,1073179904 2
1026283454,777767927 2
2823026114,805618179 2
3768696317,2460744811 2
714219097,3787186980 2
1537202034,723159394 2
4207892836,3806917902 2
1937629978,3699547172 2
2606988799,2218533112 2
1802576646,3249269120 2
2226946480,1000790297 2
1331886801,2410097716 2
4185410838,3843557178 2
2707460172,1005181356 2
770588058,3310631237 2
1502442891,3014536487 2
4246851715,4064736836 2
3615650847,33612146 2
1509072947,1544364320 2
1713609813,4094081939 2
586022286,3735478211 2
3988629171,3612963520 2
2764798149,3340539095 2
4201365425,2914359013 2
1332822050,172863144 2
3829449296,4059497790 2
1417840563,395657911 2
1167522280,3506655591 2
2836116865,729053822 2
2932418079,2124865997 2
3572873482,171561551 2
3966148943,3104468734 2
1511718228,2180770618 2
99977523,2238953903 2
489969265,2132072776 2
957072726,1551662460 2
612734647,1600692836 2
1638908871,591861400 2
355074614,3687275233 2
3021735047,982074998 2
3765417586,3693590181 3
2231588410,195196066 3
2138581585,1639546431 3
2568281665,1434302256 3
2836004849,4160888521 3
1046079269,2060255060 3
4283356342,257918445 3
1049555716,3493658242 3
3941358585,2675269225 3
116177337,480008826 3
2049716332,2304769860 3
1017462680,2183237898 3
909158107,2299125252 3
24152638,3737868767 3
1698841232,1196851565 3
3899096173,2243948135 3
3452029393,3486670119 3
1378071238,1439578064 3
3945991001,3708137672 3
123571226,3147681375 3
267934348,2803273308 3
309702408,1472140899 3
1099685471,1892822851 3
2212349373,272211387 3
1902294849,105093482 3
1736093631,2932605478 3
3293960296,3138344970 3
2170521030,2335198307 3
2394020141,3008146175 3
2573428194,4034569590 3
1511766095,1879365297 3
3831076975,379213723 3
115573194,2116106628 3
115950449,2333547968 3
1039877008,643458298 3
3210944832,1592214364 3
3393024236,3810273416 3
3033541665,3690529918 3
3689488724,1446645674 3
1052477194,3253021018 3
1797767288,2496045411 3
1485251130,2886074244 3
1172699019,1093684541 3
2174759850,4053067131 3
1729189564,1664571124 3
2009624923,2430897814 3
3142981129,1444361189 3
1230266076,1357972438 3
715016073,3290148129 3
1994125851,3870043913 3
1791036450,3495367119 3
2401913064,3689793926 3
452524136,1765550411 3
2602591276,1086004150 3
1307128721,3968571042 3
3779198867,1025358836 3
3593073252,2797820819 3
1625827569,2055094023 3
3200610948,296309393 3
3369891353,866293925 3
732562778,2154502734 3
1023435942,2606604343 3
3479013622,3846516292 3
4146529426,1151598532 3
1901879161,1668398324 3
1097320668,1070813521 3
2710561521,4168209766 3
1427103008,1626617947 3
1444785539,1154562692 3
3622084175,3344378351 3
3509067120,4028183719 3
1310431321,3683328232 3
3269967841,3850467752 3
1464005840,4095068362 3
2051851641,555782508 3
3270640129,1526522972 3
2201707612,2366088978 3
108750442,2602723798 3
605005564,3690537554 3
199589558,3186731981 3
2529633116,556346091 3
4161613327,326485983 3
971322763,3550919139 3
1093892709,3148570461 3
2618999371,805859679 3
1604357538,3438638442 3
999092334,3746012309 3
12667192,3488095363 3
971231961,3864774081 3
2599906893,1467099409 3
2423493929,3086274802 3
3169714005,1310523444 3
107000054,4110290181 3
3989988749,559696571 3
3817591257,2932281879 3
2489984485,1241647698 3
411443470,3415257359 3
396242836,3115103862 3
12164450,2432727644 3
2257207917,1017928569 3
2104056341,2301674411 4
146327295,4188713144 4
1862420851,122480111 4
2952384637,3647886718 4
2144156887,617072053 4
3405839225,502703498 4
2978504142,4252445786 4
3508879718,1868677272 4
786326607,756834132 4
3886685651,2872157128 4
1425271960,211550284 4
573482621,1467326751 4
2452554400,1911212951 4
3864314968,3463837575 4
738509121,2447144382 4
1243645754,3961698775 4
1119822367,169773254 4
1702805074,3176033170 4
1231210535,3906804476 4
4079953759,3293103162 4
17713580,896233666 4
187189053,2290647089 4
2227678121,3401238069 4
4004248351,2363549700 4
1148082807,843265724 4
2091096532,2248350870 4
3904419267,2612443956 4
441654684,2029024676 4
4131338278,1147931253 4
4126416164,838409478 4
4294254212,3087504908 4
1332485494,4215036386 4
2498480649,3770446540 4
1240781377,2762823070 4
3748012496,2799976433 4
3017903043,3356311867 4
3075229943,2462758524 4
1460028724,2838730564 4
1227205537,1492926084 4
2631310963,3485420628 4
3609159577,4280552389 4
374719795,3849726558 4
3950283795,470011919 4
3851774759,3951680915 4
1762526855,956462047 4
3758521913,1087443490 4
1031734521,1755028402 4
243177945,4275389463 4
1896486436,2097397271 4
80716492,1813014424 4
2688935294,739663621 4
583081861,301628463 4
2052755562,1423231210 4
1504803378,82315977 4
384903063,4271796302 4
1043453555,1109548675 4
2410231743,345435962 4
747978836,3941221235 4
2805404560,3234543308 4
1488113723,3041291905 4
1566356083,2322870256 4
1825720394,498828934 4
1189351499,3034546359 4
1317183283,1531620369 4
1176961487,298563043 4
4157591844,3212151714 4
3091573768,4025409486 4
3364603531,283453289 4
3597662351,1784063115 4
3021337362,150266666 4
2347263808,849059821 4
210360818,4180170919 4
1346056897,1299874611 4
4189651202,4037158055 4
2538016902,137736475 4
1182497384,4056976462 4
2161268275,1450441333 4
4030225190,3948016796 4
87373904,3403661408 4
3477307365,2867330074 4
705344049,2276256632 4
3643317064,3947352591 4
2470808004,1090414433 4
1135263853,1681286478 4
3597695005,2144979372 4
255515222,3529231927 4
2998334679,2042489223 4
3666702026,2494262164 4
1901421917,778185134 4
1699398090,1149301731 4
4032139400,912517316 4
1821770649,1669415687 4
3487511845,1303835745 4
3855920615,462223679 4
3419203632,149974155 4
859639061,1644935992 4
1326092342,1507633447 4
3827931425,1335890301 4
924169397,1467117344 4
3851140494,3984394157 4